

$#FQ.ENS CRC_OK
1 Fri May 28 10:08:17 2021 19.7 23.0 1 1 0xFF 36 44 49 435 725 1015 1113 1499 98 -314 -316 -313 -312 1 1 1 93 0 70 0 0 1 1872
E0 6 -0.67 0.00 -0.54 0.00 247.80 0.00 
E1 3 -0.67 -0.54 247.80 
E3 288 89 -663 -46 483 -44 26 626 1074 100 0 969 68 -102 1028 -62 -571 -99 -76 -927 -280 96 -514 -598 162 -136 853 108 -106 497 -58 2 -138 -46 782 927 18 0 0 0 0 0 0 0 0 0 0 0 0 0 0 0 1950 404 284 0 0 0 0 0 0 0 0 0 0 0 0 0 0 0 0 0 0 0 0 0 0 0 0 4487 3511 111 0 0 0 0 0 0 397 3773 -317 0 0 0 0 0 0 7900 2134 -366 0 0 0 0 0 0 0 0 0 0 0 0 0 0 0 0 0 0 0 0 0 0 0 0 0 0 0 0 0 0 0 0 0 0 0 0 0 0 0 0 0 0 0 0 0 0 0 0 0 0 0 0 0 0 0 0 0 0 0 0 0 0 0 2101 4161 745 0 0 0 0 0 0 0 0 0 0 0 0 0 0 0 0 0 0 -651 4651 -1451 0 0 0 0 0 0 0 0 0 0 0 0 0 0 0 0 0 0 0 0 0 0 0 0 0 0 0 0 0 0 0 0 0 1130 6897 1558 0 0 0 0 0 0 0 0 0 0 0 0 0 0 0 0 0 0 0 0 0 3787 2404 818 0 0 0 0 0 0 0 0 0 0 0 0 0 0 0 0 0 0 0 0 0 0 0 0 0 0 0 0 0 0 0 0 0 0 0 0 0 0 0 0 0 0 
E4 288 -648 168 -46 -224 -431 26 757 -986 100 897 -367 68 990 -294 -62 124 566 -76 90 964 96 -360 701 162 841 -197 108 500 -90 -58 -129 50 -46 562 -1075 18 0 0 0 0 0 0 0 0 0 0 0 0 0 0 0 -363 -1959 284 0 0 0 0 0 0 0 0 0 0 0 0 0 0 0 0 0 0 0 0 0 0 0 0 1555 -5481 111 0 0 0 0 0 0 3343 -1794 -317 0 0 0 0 0 0 -1009 -8121 -366 0 0 0 0 0 0 0 0 0 0 0 0 0 0 0 0 0 0 0 0 0 0 0 0 0 0 0 0 0 0 0 0 0 0 0 0 0 0 0 0 0 0 0 0 0 0 0 0 0 0 0 0 0 0 0 0 0 0 0 0 0 0 0 3058 -3518 745 0 0 0 0 0 0 0 0 0 0 0 0 0 0 0 0 0 0 4552 -1155 -1451 0 0 0 0 0 0 0 0 0 0 0 0 0 0 0 0 0 0 0 0 0 0 0 0 0 0 0 0 0 0 0 0 0 5958 -3652 1558 0 0 0 0 0 0 0 0 0 0 0 0 0 0 0 0 0 0 0 0 0 794 -4415 818 0 0 0 0 0 0 0 0 0 0 0 0 0 0 0 0 0 0 0 0 0 0 0 0 0 0 0 0 0 0 0 0 0 0 0 0 0 0 0 0 0 0 

$#FQ.ENS CRC_OK
2 Fri May 28 10:10:17 2021 19.7 22.4 1 1 0xFF 36 44 49 435 725 1015 1113 1499 98 -314 -316 -313 -312 1 1 1 93 0 70 0 0 1 1849
E0 6 -0.72 0.00 -0.59 0.00 247.30 0.00 
E1 3 -0.72 -0.59 247.30 
E3 288 0 0 0 0 0 0 0 0 0 0 0 0 -24 471 -8 -517 41 -6 -845 -553 51 -487 -295 255 -154 50 62 -85 -234 -63 16 -525 44 0 0 0 0 0 0 0 0 0 0 0 0 0 0 0 0 0 0 0 0 0 0 0 0 0 0 0 0 0 0 -1251 -4957 492 0 0 0 0 0 0 0 0 0 0 0 0 0 0 0 0 0 0 0 0 0 0 0 0 0 0 0 0 0 0 0 0 0 0 0 0 0 0 0 0 0 0 0 0 0 0 0 0 0 0 0 0 0 0 0 0 0 3475 4022 659 2800 -3224 -1797 -3521 -2965 -621 -11439 -1668 -2309 0 0 0 -3403 -1804 -886 0 0 0 0 0 0 0 0 0 0 0 0 0 0 0 0 0 0 -4568 -3971 -395 220 -137 -2174 5803 -1460 -1440 0 0 0 0 0 0 0 0 0 0 0 0 0 0 0 0 0 0 0 0 0 0 0 0 0 0 0 -5990 -5673 -678 0 0 0 4866 -1674 -1839 0 0 0 0 0 0 0 0 0 0 0 0 0 0 0 0 0 0 0 0 0 0 0 0 0 0 0 0 0 0 0 0 0 -2976 -1352 471 0 0 0 3804 1241 86 0 0 0 0 0 0 1668 185 -911 0 0 0 0 0 0 0 0 0 1277 -5069 514 0 0 0 0 0 0 0 0 0 0 0 0 0 0 0 0 0 0 0 0 0 
E4 288 0 0 0 0 0 0 0 0 0 0 0 0 443 -160 -8 237 461 -6 -185 992 51 -85 563 255 105 122 62 -184 168 -63 -491 187 44 0 0 0 0 0 0 0 0 0 0 0 0 0 0 0 0 0 0 0 0 0 0 0 0 0 0 0 0 0 0 -4091 3066 492 0 0 0 0 0 0 0 0 0 0 0 0 0 0 0 0 0 0 0 0 0 0 0 0 0 0 0 0 0 0 0 0 0 0 0 0 0 0 0 0 0 0 0 0 0 0 0 0 0 0 0 0 0 0 0 0 0 2369 -4758 659 -4055 -1339 -1797 -1377 4392 -621 2875 11195 -2309 0 0 0 -352 3835 -886 0 0 0 0 0 0 0 0 0 0 0 0 0 0 0 0 0 0 -1901 5746 -395 -212 -151 -2174 -3586 -4790 -1440 0 0 0 0 0 0 0 0 0 0 0 0 0 0 0 0 0 0 0 0 0 0 0 0 0 0 0 -2922 7714 -678 0 0 0 -3422 -3843 -1839 0 0 0 0 0 0 0 0 0 0 0 0 0 0 0 0 0 0 0 0 0 0 0 0 0 0 0 0 0 0 0 0 0 -99 3267 471 0 0 0 -324 -3988 86 0 0 0 0 0 0 -473 -1611 -911 0 0 0 0 0 0 0 0 0 -5169 777 514 0 0 0 0 0 0 0 0 0 0 0 0 0 0 0 0 0 0 0 0 0 

$#FQ.ENS CRC_OK
3 Fri May 28 10:12:17 2021 19.7 22.4 1 1 0xFF 36 44 49 435 725 1015 1113 1499 98 -314 -316 -313 -312 1 1 1 93 0 70 0 0 1 1849
E0 6 -0.71 0.00 -0.56 0.00 247.40 0.00 
E1 3 -0.71 -0.56 247.40 
E3 288 0 0 0 0 0 0 0 0 0 0 0 0 61 367 62 -181 534 -20 0 0 0 0 0 0 -175 -127 116 -178 -43 -23 45 175 -49 0 0 0 0 0 0 0 0 0 0 0 0 0 0 0 0 0 0 0 0 0 0 0 0 0 0 0 0 0 0 0 0 0 0 0 0 -4463 -397 233 0 0 0 0 0 0 0 0 0 0 0 0 -2896 -4215 -1044 -4290 -3181 -1109 0 0 0 0 0 0 0 0 0 0 0 0 0 0 0 0 0 0 -1279 2681 1012 -6793 723 -691 -1453 434 -781 0 0 0 0 0 0 0 0 0 -4747 6991 -1999 -6996 1532 -207 0 0 0 0 0 0 -4807 404 420 0 0 0 0 0 0 0 0 0 0 0 0 0 0 0 -3661 9086 -891 -724 -3868 -1280 0 0 0 -277 3225 -875 -3831 2541 1621 0 0 0 0 0 0 1864 245 -824 1607 -3008 -232 0 0 0 0 0 0 0 0 0 0 0 0 0 0 0 5960 -171 1300 -2770 -2522 32 -4254 -750 -807 -2529 -123 -1148 -607 236 -1559 0 0 0 0 0 0 0 0 0 -2630 4435 -1373 -2577 5234 -1355 0 0 0 0 0 0 0 0 0 0 0 0 0 0 0 0 0 0 0 0 0 0 0 0 0 0 0 0 0 0 0 0 0 0 0 0 0 0 0 0 0 0 0 0 0 0 0 0 0 0 0 0 0 0 0 0 0 0 0 0 
E4 288 0 0 0 0 0 0 0 0 0 0 0 0 315 -198 62 562 -39 -20 0 0 0 0 0 0 -50 210 116 28 180 -23 144 -109 -49 0 0 0 0 0 0 0 0 0 0 0 0 0 0 0 0 0 0 0 0 0 0 0 0 0 0 0 0 0 0 0 0 0 0 0 0 1348 4272 233 0 0 0 0 0 0 0 0 0 0 0 0 -2779 4293 -1044 -1289 5182 -1109 0 0 0 0 0 0 0 0 0 0 0 0 0 0 0 0 0 0 2966 150 1012 3277 5993 -691 959 1174 -781 0 0 0 0 0 0 0 0 0 8277 1695 -1999 4102 5869 -207 0 0 0 0 0 0 2220 4282 420 0 0 0 0 0 0 0 0 0 0 0 0 0 0 0 9794 -112 -891 -3293 2154 -1280 0 0 0 3083 -984 -875 3817 2560 1621 0 0 0 0 0 0 -491 -1815 -824 -3395 -328 -232 0 0 0 0 0 0 0 0 0 0 0 0 0 0 0 -2449 -5437 1300 -1264 3526 32 942 4215 -807 858 2381 -1148 451 469 -1559 0 0 0 0 0 0 0 0 0 5104 723 -1373 5822 367 -1355 0 0 0 0 0 0 0 0 0 0 0 0 0 0 0 0 0 0 0 0 0 0 0 0 0 0 0 0 0 0 0 0 0 0 0 0 0 0 0 0 0 0 0 0 0 0 0 0 0 0 0 0 0 0 0 0 0 0 0 0 

$#FQ.ENS CRC_OK
4 Fri May 28 10:14:17 2021 19.7 22.4 1 1 0xFF 36 44 49 435 725 1015 1113 1499 98 -314 -316 -313 -312 1 1 1 93 0 70 0 0 1 1849
E0 6 -0.71 0.00 -0.61 0.00 247.30 0.00 
E1 3 -0.71 -0.61 247.30 
E3 288 0 0 0 0 0 0 0 0 0 103 1955 66 64 317 71 -239 -42 215 -589 -59 279 -482 -185 256 -314 301 142 -171 1534 -150 -577 -429 -11 0 0 0 0 0 0 0 0 0 0 0 0 0 0 0 0 0 0 0 0 0 0 0 0 0 0 0 0 0 0 0 0 0 0 0 0 0 0 0 0 0 0 0 0 0 0 0 0 0 0 0 0 0 0 0 0 0 0 0 0 0 0 0 0 0 0 0 0 0 0 0 0 0 0 0 0 0 0 0 0 0 0 0 0 0 0 0 0 0 0 -1883 -2468 302 -2084 -2485 799 -1893 -1278 514 0 0 0 0 0 0 0 0 0 0 0 0 0 0 0 0 0 0 0 0 0 0 0 0 385 1990 -942 -3411 4998 171 0 0 0 0 0 0 0 0 0 0 0 0 0 0 0 0 0 0 -2283 2170 1029 0 0 0 401 4572 60 0 0 0 0 0 0 0 0 0 5419 -57 -1927 0 0 0 0 0 0 0 0 0 -9 -3636 -334 0 0 0 0 0 0 0 0 0 0 0 0 0 0 0 0 0 0 793 4410 88 0 0 0 0 0 0 0 0 0 0 0 0 0 0 0 -731 2182 1127 0 0 0 1899 -2136 -1007 -2585 3055 550 0 0 0 0 0 0 0 0 0 0 0 0 0 0 0 0 0 0 0 0 0 0 0 0 0 0 0 
E4 288 0 0 0 0 0 0 0 0 0 1763 -850 66 267 -182 71 53 236 215 172 566 279 15 516 256 398 173 142 1481 -435 -150 -174 697 -11 0 0 0 0 0 0 0 0 0 0 0 0 0 0 0 0 0 0 0 0 0 0 0 0 0 0 0 0 0 0 0 0 0 0 0 0 0 0 0 0 0 0 0 0 0 0 0 0 0 0 0 0 0 0 0 0 0 0 0 0 0 0 0 0 0 0 0 0 0 0 0 0 0 0 0 0 0 0 0 0 0 0 0 0 0 0 0 0 0 0 -1551 2689 302 -1489 2881 799 -449 2239 514 0 0 0 0 0 0 0 0 0 0 0 0 0 0 0 0 0 0 0 0 0 0 0 0 1687 -1124 -942 5926 1218 171 0 0 0 0 0 0 0 0 0 0 0 0 0 0 0 0 0 0 2882 1268 1029 0 0 0 4062 -2135 60 0 0 0 0 0 0 0 0 0 -2144 -4977 -1927 0 0 0 0 0 0 0 0 0 -3351 1411 -334 0 0 0 0 0 0 0 0 0 0 0 0 0 0 0 0 0 0 3762 -2434 88 0 0 0 0 0 0 0 0 0 0 0 0 0 0 0 2294 -168 1127 0 0 0 -2704 -928 -1007 3815 1205 550 0 0 0 0 0 0 0 0 0 0 0 0 0 0 0 0 0 0 0 0 0 0 0 0 0 0 0 

$#FQ.ENS CRC_OK
5 Fri May 28 10:16:17 2021 19.7 22.4 1 1 0xFF 36 44 49 435 725 1015 1113 1499 98 -314 -316 -313 -312 1 1 1 93 0 70 0 0 1 1849
E0 6 -0.71 0.00 -0.50 0.00 247.40 0.00 
E1 3 -0.71 -0.50 247.40 
E3 288 0 0 0 0 0 0 -169 433 -75 129 925 92 196 243 125 43 -211 290 -426 -278 289 -331 -220 223 -227 -186 79 -32 609 -115 632 236 97 0 0 0 0 0 0 0 0 0 0 0 0 0 0 0 0 0 0 0 0 0 0 0 0 0 0 0 1433 -765 545 0 0 0 0 0 0 0 0 0 0 0 0 0 0 0 0 0 0 0 0 0 0 0 0 4089 -869 34 -2127 2721 900 0 0 0 0 0 0 0 0 0 0 0 0 0 0 0 4441 3894 -265 -248 -609 338 -1511 108 61 0 0 0 0 0 0 0 0 0 0 0 0 -5231 1031 184 0 0 0 0 0 0 -4855 -2432 -82 0 0 0 0 0 0 0 0 0 0 0 0 2758 6047 1092 0 0 0 -251 -1317 1089 0 0 0 0 0 0 0 0 0 0 0 0 -1894 -1856 1091 0 0 0 -890 725 548 -2994 1215 1075 -2400 155 903 0 0 0 0 0 0 0 0 0 -3603 386 222 -3795 1865 -141 0 0 0 418 2652 536 0 0 0 -704 -325 1540 0 0 0 0 0 0 0 0 0 0 0 0 0 0 0 0 0 0 0 0 0 0 0 0 0 0 0 0 0 0 0 0 0 0 0 0 0 0 0 0 0 0 0 0 0 260 4274 485 0 0 0 0 0 0 0 0 0 0 0 0 0 0 0 0 0 0 0 0 0 0 0 0 
E4 288 0 0 0 0 0 0 464 -11 -75 804 -475 92 149 -275 125 -212 41 290 -93 500 289 -76 390 223 -85 281 79 574 -205 -115 -25 -675 97 0 0 0 0 0 0 0 0 0 0 0 0 0 0 0 0 0 0 0 0 0 0 0 0 0 0 0 -1257 -1029 545 0 0 0 0 0 0 0 0 0 0 0 0 0 0 0 0 0 0 0 0 0 0 0 0 -2374 -3441 34 3329 917 900 0 0 0 0 0 0 0 0 0 0 0 0 0 0 0 1888 -5597 -265 -467 462 338 680 1353 61 0 0 0 0 0 0 0 0 0 0 0 0 2961 4432 184 0 0 0 0 0 0 -380 5416 -82 0 0 0 0 0 0 0 0 0 0 0 0 4522 -4870 1092 0 0 0 -1120 737 1089 0 0 0 0 0 0 0 0 0 0 0 0 -986 2461 1091 0 0 0 1011 543 548 2272 2297 1075 1065 2156 903 0 0 0 0 0 0 0 0 0 1740 3177 222 3180 2786 -141 0 0 0 2287 -1405 536 0 0 0 -30 774 1540 0 0 0 0 0 0 0 0 0 0 0 0 0 0 0 0 0 0 0 0 0 0 0 0 0 0 0 0 0 0 0 0 0 0 0 0 0 0 0 0 0 0 0 0 0 3845 -1883 485 0 0 0 0 0 0 0 0 0 0 0 0 0 0 0 0 0 0 0 0 0 0 0 0 

$#FQ.ENS CRC_OK
6 Fri May 28 10:18:17 2021 19.7 22.4 1 1 0xFF 36 44 49 435 725 1015 1113 1499 98 -314 -316 -313 -312 1 1 1 93 0 70 0 0 1 1849
E0 6 -0.71 0.00 -0.53 0.00 247.40 0.00 
E1 3 -0.71 -0.53 247.40 
E3 288 0 0 0 -1066 -529 226 -4 -42 -37 -499 -493 317 247 -369 296 270 -500 248 330 -879 56 -293 -835 79 -219 -758 114 28 15 -53 95 -169 -183 0 0 0 0 0 0 0 0 0 0 0 0 0 0 0 0 0 0 0 0 0 0 0 0 0 0 0 0 0 0 0 0 0 0 0 0 0 0 0 2140 546 205 0 0 0 0 0 0 0 0 0 0 0 0 0 0 0 8074 -50 570 0 0 0 0 0 0 0 0 0 0 0 0 0 0 0 0 0 0 0 0 0 0 0 0 0 0 0 0 0 0 2523 -6978 959 0 0 0 0 0 0 0 0 0 0 0 0 0 0 0 3130 2543 128 0 0 0 3586 3165 29 4026 2071 489 0 0 0 0 0 0 0 0 0 0 0 0 0 0 0 0 0 0 0 0 0 0 0 0 6262 229 115 0 0 0 0 0 0 0 0 0 -2227 -82 1203 0 0 0 -365 -487 154 0 0 0 4598 -3120 -477 0 0 0 0 0 0 0 0 0 0 0 0 0 0 0 0 0 0 0 0 0 0 0 0 0 0 0 0 0 0 5992 -1515 1184 -1039 -1492 813 0 0 0 0 0 0 0 0 0 0 0 0 0 0 0 0 0 0 0 0 0 0 0 0 0 0 0 0 0 0 0 0 0 0 0 0 0 0 0 0 0 0 0 0 0 0 0 0 
E4 288 0 0 0 -79 1187 226 -38 19 -37 -264 650 317 -436 -87 296 -566 -58 248 -939 33 56 -659 591 79 -616 493 114 3 -32 -53 -193 -23 -183 0 0 0 0 0 0 0 0 0 0 0 0 0 0 0 0 0 0 0 0 0 0 0 0 0 0 0 0 0 0 0 0 0 0 0 0 0 0 0 -319 -2186 205 0 0 0 0 0 0 0 0 0 0 0 0 0 0 0 -3149 -7435 570 0 0 0 0 0 0 0 0 0 0 0 0 0 0 0 0 0 0 0 0 0 0 0 0 0 0 0 0 0 0 -7412 352 959 0 0 0 0 0 0 0 0 0 0 0 0 0 0 0 1144 -3867 128 0 0 0 1543 -4527 29 364 -4513 489 0 0 0 0 0 0 0 0 0 0 0 0 0 0 0 0 0 0 0 0 0 0 0 0 -2195 -5869 115 0 0 0 0 0 0 0 0 0 780 2087 1203 0 0 0 -310 524 154 0 0 0 -4648 -3046 -477 0 0 0 0 0 0 0 0 0 0 0 0 0 0 0 0 0 0 0 0 0 0 0 0 0 0 0 0 0 0 -3702 -4950 1184 -979 1532 813 0 0 0 0 0 0 0 0 0 0 0 0 0 0 0 0 0 0 0 0 0 0 0 0 0 0 0 0 0 0 0 0 0 0 0 0 0 0 0 0 0 0 0 0 0 0 0 0 