355.3
355.1
355.2
355.1
355.2
355.1
355.1
355.3
355.2
355.2
355.2
355.2
355.2
355.2
355.1
355.2
355.1
355.3
355.2
355.1
355.1
355.3
355.5
355.2
355.2
355.3
355.4
356.0
  0.4
  4.3
  9.2
 12.9
 13.5
 17.1
 19.5
 20.5
 21.1
 23.1
 24.8
 25.1
 25.1
 26.2
 26.3
 26.1
 25.6
 25.8
 25.9
 25.9
 25.8
 25.9
 25.8
 25.8
 25.9
 26.0
 25.9
 25.9
 25.9
 25.8
 25.9
 26.0
 25.9
 25.9
 25.8
 25.8
 25.8
 25.8
 25.8
 25.9
 25.8
 26.1
 26.1
 25.8
 25.8
 25.9
 25.9
 25.9
 26.1
 31.0
 38.4
 44.5
 52.8
 54.2
 53.2
 53.0
 53.2
 56.2
 57.8
 59.5
 60.2
 60.3
 60.3
 59.9
 60.2
 60.1
 60.0
 60.0
 60.1
 60.1
 59.9
 60.0
 60.1
 59.9
 60.0
 59.9
 60.0
 60.0
 60.0
 60.0
 60.1
 59.9
 60.0
 60.1
 59.9
 60.8
 68.7
 74.2
 81.6
 85.9
 88.3
 90.0
 90.6
 93.0
 96.7
101.5
103.0
104.4
104.5
104.5
104.0
103.9
107.3
110.2
110.5
110.9
111.0
111.0
110.6
110.7
110.9
111.0
110.8
111.0
111.0
111.0
110.8
111.0
111.0
111.0
111.0
111.0
111.0
111.0
110.8
110.9
110.6
110.7
111.0
110.7
110.7
110.5
110.4
110.5
110.5
110.5
110.6
110.5
110.5
111.4
134.6
154.6
154.9
162.3
177.5
187.8
188.8
191.6
197.8
198.5
198.9
196.7
194.0
190.5
187.5
183.2
180.2
185.9
194.2
199.4
202.0
202.5
202.4
201.9
202.2
201.5
201.4
201.6
201.7
201.7
201.9
201.6
201.7
201.4
201.9
201.7
201.6
201.9
201.7
201.5
201.5
201.4
203.8
221.4
235.1
255.7
261.8
262.1
262.2
262.0
262.0
262.0
262.0
262.3
263.2
263.8
263.5
263.4
263.6
262.8
261.5
262.0
261.9
261.7
261.7
261.7
261.8
261.8
261.8
261.9
261.7
261.7
261.7
262.0
261.8
261.8
261.9
261.9
261.9
261.9
261.8
261.8
267.0
283.4
288.4
291.5
298.4
298.2
298.0
297.8
297.8
297.6
297.6
297.5
296.8
296.4
296.6
296.6
296.6
296.6
296.5
296.6
296.7
296.6
296.6
296.5
296.7
296.7
296.6
296.6
296.7
296.6
296.6
296.6
296.6
298.6
312.1
318.6
327.6
327.6
327.5
327.5
327.6
327.3
327.3
327.3
327.2
327.3
327.4
326.8
326.1
326.1
326.1
326.0
326.0
325.9
325.9
326.3
326.3
326.2
326.4
326.3
326.3
326.4
326.3
326.3
326.4
326.5
326.3
326.3
326.4
326.5
326.3
326.4
326.4
326.5
326.2
326.2
332.1
345.9
343.7
346.6
351.5
352.1
352.4
353.2
353.3
352.9
353.1
352.9
353.2
353.9
354.4
354.4
354.4
354.5
354.4
354.4
354.4
354.6
355.4
355.3
355.3
355.2
355.2
355.2
355.2
355.3
355.1
355.2
355.2
355.1
355.0
355.1
355.0
355.1
355.1
355.2
355.1
355.0
355.0
355.1
355.0
